1706008304799 0.7844553589820862 0
1706008304832 0.8134931921958923 1
1706008304849 0.8259173631668091 2
1706008304881 0.8285177946090698 3
1706008304913 0.8303958177566528 4
1706008304939 0.8384860157966614 5
1706008304962 0.836174488067627 6
1706008304986 0.8409419059753418 7
1706008305012 0.8400751352310181 8
1706008305035 0.8442646861076355 9
1706008305056 0.8449869751930237 10
1706008305078 0.8471540212631226 11
1706008305099 0.8483097553253174 12
1706008305116 0.8529326915740967 13
1706008305131 0.853221595287323 14
1706008305167 0.8549551963806152 15
1706008305190 0.8494654893875122 16
1706008305219 0.8585668802261353 17
1706008305239 0.861167311668396 18
1706008305263 0.8634787797927856 19
1706008305294 0.8679572343826294 20
1706008305316 0.8683906197547913 21
1706008305343 0.8731580376625061 22
1706008305360 0.8796590566635132 23
1706008305376 0.8852932453155518 24
1706008305407 0.8854377269744873 25
1706008305415 0.8858711123466492 26
1706008305430 0.8925166130065918 27
1706008305466 0.8932389616966248 28
1706008305478 0.8971395492553711 29
1706008305507 0.9001733660697937 30
1706008305523 0.9001733660697937 31
1706008305544 0.9042184352874756 32
1706008328349 0.888038158416748 0
