1705997747320 0.7857555747032166 0
1705997747368 0.8191274404525757 1
1705997747399 0.8296735286712646 2
1705997747435 0.8357411026954651 3
1705997747490 0.8373302221298218 4
1705997747507 0.846287190914154 5
1705997747539 0.8527882099151611 6
1705997747570 0.8601559996604919 7
1705997747617 0.8610228300094604 8
1705997747635 0.8691129684448242 9
1705997747665 0.8773475885391235 10
1705997747711 0.880814790725708 11
1705997747743 0.8936723470687866 12
1705997747759 0.8938168287277222 13
1705997747790 0.9030627012252808 14
1705997747822 0.9089858531951904 15
1705997747854 0.9203987121582031 16
1705997747885 0.9222767949104309 17
1705997747932 0.9289222955703735 18
1705997760498 0.9107194542884827 0
