1706002961760 0.7825772762298584 0
1706002961793 0.8058364391326904 1
1706002961814 0.8119040727615356 2
1706002961840 0.8227390646934509 3
1706002961860 0.8298179507255554 4
1706002961876 0.826350748538971 5
1706002961906 0.8315515518188477 6
1706002961939 0.8357411026954651 7
1706002961959 0.8337185978889465 8
1706002961976 0.8338630199432373 9
1706002962006 0.8350187540054321 10
1706002962028 0.8331407308578491 11
1706002962051 0.8381970524787903 12
1706002962056 0.8386304378509521 13
1706002962089 0.8389194011688232 14
1706002962106 0.840797483921051 15
1706002962122 0.8376191854476929 16
1706002962156 0.8412308692932129 17
1706002962176 0.8393527865409851 18
1706002962189 0.837908148765564 19
1706002962221 0.8366079330444336 20
1706002962239 0.839786171913147 21
1706002962256 0.8451314568519592 22
1706002962276 0.8400751352310181 23
1706002962301 0.8393527865409851 24
1706002962322 0.8461427092552185 25
1706002962345 0.8451314568519592 26
1706002962372 0.8438312411308289 27
1706002962393 0.8459982872009277 28
1706002962414 0.8467205762863159 29
1706002962422 0.8490320444107056 30
1706002962455 0.8464316725730896 31
1706002962476 0.846287190914154 32
1706002962492 0.8498988747596741 33
1706002962521 0.8490320444107056 34
1706002962539 0.8501877784729004 35
1706002962556 0.8503322601318359 36
1706002962576 0.849609911441803 37
1706002962606 0.8484541773796082 38
1706002962622 0.8480207920074463 39
1706002962639 0.856833279132843 40
1706002962672 0.8574111461639404 41
1706002962695 0.8555330634117126 42
1706002962709 0.8590002655982971 43
1706002962722 0.8548107743263245 44
1706002962755 0.8552441596984863 45
1706002962777 0.8533660769462585 46
1706002962788 0.8590002655982971 47
1706002962820 0.8592892289161682 48
1706002962839 0.8555330634117126 49
1706002962855 0.8614562153816223 50
1706002962877 0.8607338666915894 51
1706002962888 0.8639121651649475 52
1706002962922 0.8676683306694031 53
1706002962938 0.866657018661499 54
1706002973197 0.8662236332893372 0
