1706077898731 0.7900895476341248 0
1706077898793 0.8184050917625427 1
1706077898841 0.836174488067627 2
1706077898887 0.8399306535720825 3
1706077898935 0.8418087363243103 4
1706077898982 0.8509101271629333 5
1706077899029 0.8510546088218689 6
1706077899061 0.8587113618850708 7
1706077899107 0.8585668802261353 8
1706077899156 0.8696908354759216 9
1706077899199 0.876480758190155 10
1706077899233 0.8838486075401306 11
1706077899264 0.8878936767578125 12
1706077899311 0.8984397649765015 13
1706077899366 0.9034960865974426 14
1706077899399 0.9123085737228394 15
1706077899447 0.9160647392272949 16
1706077899492 0.9276220798492432 17
1706077899534 0.9299335479736328 18
1706077899565 0.934989869594574 19
1706077899612 0.9412019848823547 20
1706077899659 0.942935585975647 21
1706077899703 0.9531927108764648 22
1706077899732 0.9510257244110107 23
1706077899788 0.9542039632797241 24
1706077899824 0.9568043947219849 25
1706077899865 0.9578156471252441 26
1706077915547 0.9721179008483887 0
