1706079331594 0.7921121120452881 0
1706079331657 0.8160936236381531 1
1706079331704 0.8311181664466858 2
1706079331767 0.8396417498588562 3
1706079331812 0.8367523550987244 4
1706079331858 0.8439757227897644 5
1706079331892 0.8464316725730896 6
1706079331948 0.8577001094818115 7
1706079331989 0.8627564311027527 8
1706079332020 0.8681017160415649 9
1706079332078 0.8761918544769287 10
1706079332116 0.8832707405090332 11
1706079332163 0.8805258870124817 12
1706079332202 0.8951170444488525 13
1706079332245 0.9019069671630859 14
1706079332285 0.9092747569084167 15
1706079427471 0.931378185749054 0
