1706006762740 0.7845998406410217 0
1706006762774 0.8181161284446716 1
1706006762787 0.8303958177566528 2
1706006762823 0.8338630199432373 3
1706006762842 0.8337185978889465 4
1706006762858 0.836174488067627 5
1706006762874 0.8413753509521484 6
1706006762900 0.8381970524787903 7
1706006762916 0.8399306535720825 8
1706006762937 0.8389194011688232 9
1706006762953 0.8465761542320251 10
1706006762969 0.8461427092552185 11
1706006762992 0.8480207920074463 12
1706006763001 0.84773188829422 13
1706006763020 0.853221595287323 14
1706006763051 0.8485986590385437 15
1706006763065 0.8550996780395508 16
1706006763096 0.8579890131950378 17
1706006763115 0.8600115776062012 18
1706006763128 0.8633342981338501 19
1706006763158 0.8669459819793701 20
1706006763177 0.866657018661499 21
1706006771483 0.8533660769462585 0
