1705997082203 0.7818549275398254 0
1705997082238 0.8071366548538208 1
1705997082255 0.8072811365127563 2
1705997082263 0.8078590035438538 3
1705997082279 0.8108928203582764 4
1705997082295 0.8106038570404053 5
1705997082326 0.8189829587936401 6
1705997082339 0.8210054636001587 7
1705997082355 0.8205720782279968 8
1705997082370 0.8298179507255554 9
1705997082390 0.8295290470123291 10
1705997082405 0.8257728815078735 11
1705997082421 0.8264952301979065 12
1705997082437 0.8286622166633606 13
1705997082453 0.8337185978889465 14
1705997082468 0.8308292627334595 15
1705997082488 0.8312626481056213 16
1705997082519 0.8329962491989136 17
1705997082534 0.8305402994155884 18
1705997082550 0.833574116230011 19
1705997082566 0.8283733129501343 20
1705997089765 0.8348743319511414 0
