1706082387280 0.7935567498207092 0
1706082387343 0.818693995475769 1
1706082387390 0.8351632356643677 2
1706082387422 0.839786171913147 3
1706082387469 0.8444091081619263 4
1706082387517 0.849609911441803 5
1706082387563 0.8553886413574219 6
1706082387595 0.8594337105751038 7
1706082387642 0.8698353171348572 8
1706082387673 0.8761918544769287 9
1706082387721 0.8826928734779358 10
1706082387752 0.8935278654098511 11
1706082387799 0.8997399806976318 12
1706082387831 0.9045073390007019 13
1706082387878 0.9117307066917419 14
1706082387910 0.9224212765693665 15
1706082387957 0.9277665615081787 16
1706082388011 0.9279109835624695 17
1706082388051 0.9380236864089966 18
1706082388082 0.9391794204711914 19
1706082388130 0.9432244896888733 20
1706082388161 0.9498699903488159 21
1706082429605 0.9648945331573486 0
