1706011888282 0.7468939423561096 0
1706011888316 0.7948569655418396 1
1706011888339 0.8013579845428467 2
1706011888362 0.8077145218849182 3
1706011888389 0.810314953327179 4
1706011888408 0.8163825273513794 5
1706011888435 0.819416344165802 6
1706011888450 0.8260618448257446 7
1706011888469 0.8253394961357117 8
1706011888484 0.8224501609802246 9
1706011888517 0.8296735286712646 10
1706011888533 0.8296735286712646 11
1706011888550 0.8311181664466858 12
1706011888567 0.8306847810745239 13
1706011888599 0.8360300660133362 14
1706011888617 0.8341519832611084 15
1706011888634 0.8337185978889465 16
1706011888667 0.8321294188499451 17
1706011888683 0.8332851529121399 18
1706011888714 0.8350187540054321 19
1706011888736 0.8355966210365295 20
1706011888757 0.8374747037887573 21
1706011888779 0.8366079330444336 22
1706011888799 0.8332851529121399 23
1706011888820 0.8383415341377258 24
1706011888842 0.8389194011688232 25
1706011888864 0.840797483921051 26
1706011888898 0.8418087363243103 27
1706011888925 0.8439757227897644 28
1706011888946 0.8483097553253174 29
1706011888969 0.846287190914154 30
1706011888988 0.8445535898208618 31
1706011889011 0.8478763103485107 32
1706011889030 0.8449869751930237 33
1706011889052 0.8481652736663818 34
1706011889071 0.8480207920074463 35
1706011889091 0.8452759385108948 36
1706011889113 0.8514879941940308 37
1706011899032 0.8504767417907715 0
